,duration,protocol_type,service,flag,src_bytes,dst_bytes,land,wrong_fragment,urgent,hot,num_failed_logins,logged_in,num_compromised,root_shell,su_attempted,num_root,num_file_creations,num_shells,num_access_files,num_outbound_cmds,is_host_login,is_guest_login,count,srv_count,serror_rate,srv_serror_rate,rerror_rate,srv_rerror_rate,same_srv_rate,diff_srv_rate,srv_diff_host_rate,dst_host_count,dst_host_srv_count,dst_host_same_srv_rate,dst_host_diff_srv_rate,dst_host_same_src_port_rate,dst_host_srv_diff_host_rate,dst_host_serror_rate,dst_host_srv_serror_rate,dst_host_rerror_rate,dst_host_srv_rerror_rate,last_flag,0
0,0.0,tcp,private,REJ,0.0,0.0,0.0,0.0,0.0,0.0,0.0,0.0,0.0,0.0,0.0,0.0,0.0,0.0,0.0,0.0,0.0,0.0,229.0,10.0,0.0,0.0,1.0,1.0,0.04,0.06,0.0,255.0,10.0,0.04,0.06,0.0,0.0,0.0,0.0,1.0,1.0,21.0,
1,0.0,tcp,private,REJ,0.0,0.0,0.0,0.0,0.0,0.0,0.0,0.0,0.0,0.0,0.0,0.0,0.0,0.0,0.0,0.0,0.0,0.0,136.0,1.0,0.0,0.0,1.0,1.0,0.01,0.06,0.0,255.0,1.0,0.0,0.06,0.0,0.0,0.0,0.0,1.0,1.0,21.0,
2,2.0,tcp,ftp_data,SF,12983.0,0.0,0.0,0.0,0.0,0.0,0.0,0.0,0.0,0.0,0.0,0.0,0.0,0.0,0.0,0.0,0.0,0.0,1.0,1.0,0.0,0.0,0.0,0.0,1.0,0.0,0.0,134.0,86.0,0.61,0.04,0.61,0.02,0.0,0.0,0.0,0.0,21.0,
3,0.0,icmp,eco_i,SF,20.0,0.0,0.0,0.0,0.0,0.0,0.0,0.0,0.0,0.0,0.0,0.0,0.0,0.0,0.0,0.0,0.0,0.0,1.0,65.0,0.0,0.0,0.0,0.0,1.0,0.0,1.0,3.0,57.0,1.0,0.0,1.0,0.28,0.0,0.0,0.0,0.0,15.0,
4,1.0,tcp,telnet,RSTO,0.0,15.0,0.0,0.0,0.0,0.0,0.0,0.0,0.0,0.0,0.0,0.0,0.0,0.0,0.0,0.0,0.0,0.0,1.0,8.0,0.0,0.12,1.0,0.5,1.0,0.0,0.75,29.0,86.0,0.31,0.17,0.03,0.02,0.0,0.0,0.83,0.71,11.0,
5,0.0,tcp,http,SF,267.0,14515.0,0.0,0.0,0.0,0.0,0.0,1.0,0.0,0.0,0.0,0.0,0.0,0.0,0.0,0.0,0.0,0.0,4.0,4.0,0.0,0.0,0.0,0.0,1.0,0.0,0.0,155.0,255.0,1.0,0.0,0.01,0.03,0.01,0.0,0.0,0.0,21.0,
6,0.0,tcp,smtp,SF,1022.0,387.0,0.0,0.0,0.0,0.0,0.0,1.0,0.0,0.0,0.0,0.0,0.0,0.0,0.0,0.0,0.0,0.0,1.0,3.0,0.0,0.0,0.0,0.0,1.0,0.0,1.0,255.0,28.0,0.11,0.72,0.0,0.0,0.0,0.0,0.72,0.04,21.0,
7,0.0,tcp,telnet,SF,129.0,174.0,0.0,0.0,0.0,0.0,1.0,0.0,0.0,0.0,0.0,0.0,0.0,0.0,0.0,0.0,0.0,0.0,1.0,1.0,0.0,0.0,0.0,0.0,1.0,0.0,0.0,255.0,255.0,1.0,0.0,0.0,0.0,0.01,0.01,0.02,0.02,15.0,
8,0.0,tcp,http,SF,327.0,467.0,0.0,0.0,0.0,0.0,0.0,1.0,0.0,0.0,0.0,0.0,0.0,0.0,0.0,0.0,0.0,0.0,33.0,47.0,0.0,0.0,0.0,0.0,1.0,0.0,0.04,151.0,255.0,1.0,0.0,0.01,0.03,0.0,0.0,0.0,0.0,21.0,
9,0.0,tcp,ftp,SF,26.0,157.0,0.0,0.0,0.0,0.0,1.0,0.0,0.0,0.0,0.0,0.0,0.0,0.0,0.0,0.0,0.0,1.0,1.0,1.0,0.0,0.0,0.0,0.0,1.0,0.0,0.0,52.0,26.0,0.5,0.08,0.02,0.0,0.0,0.0,0.0,0.0,7.0,
10,0.0,tcp,telnet,SF,0.0,0.0,0.0,0.0,0.0,0.0,0.0,0.0,0.0,0.0,0.0,0.0,0.0,0.0,0.0,0.0,0.0,0.0,1.0,1.0,0.0,0.0,0.0,0.0,1.0,0.0,0.0,255.0,128.0,0.5,0.01,0.0,0.0,0.0,0.0,0.66,0.32,9.0,
11,0.0,tcp,smtp,SF,616.0,330.0,0.0,0.0,0.0,0.0,0.0,1.0,0.0,0.0,0.0,0.0,0.0,0.0,0.0,0.0,0.0,0.0,1.0,2.0,0.0,0.0,0.0,0.0,1.0,0.0,1.0,255.0,129.0,0.51,0.03,0.0,0.0,0.0,0.0,0.33,0.0,18.0,
12,0.0,tcp,private,REJ,0.0,0.0,0.0,0.0,0.0,0.0,0.0,0.0,0.0,0.0,0.0,0.0,0.0,0.0,0.0,0.0,0.0,0.0,111.0,2.0,0.0,0.0,1.0,1.0,0.02,0.07,0.0,255.0,2.0,0.01,0.07,0.0,0.0,0.0,0.0,1.0,1.0,21.0,
13,0.0,tcp,telnet,S0,0.0,0.0,0.0,0.0,0.0,0.0,0.0,0.0,0.0,0.0,0.0,0.0,0.0,0.0,0.0,0.0,0.0,0.0,120.0,120.0,1.0,1.0,0.0,0.0,1.0,0.0,0.0,235.0,171.0,0.73,0.07,0.0,0.0,0.69,0.95,0.02,0.0,18.0,
14,37.0,tcp,telnet,SF,773.0,364200.0,0.0,0.0,0.0,0.0,0.0,1.0,0.0,0.0,0.0,0.0,0.0,0.0,0.0,0.0,0.0,0.0,1.0,1.0,0.0,0.0,0.0,0.0,1.0,0.0,0.0,38.0,73.0,0.16,0.05,0.03,0.04,0.0,0.77,0.0,0.07,14.0,
15,0.0,tcp,http,SF,350.0,3610.0,0.0,0.0,0.0,0.0,0.0,1.0,0.0,0.0,0.0,0.0,0.0,0.0,0.0,0.0,0.0,0.0,8.0,8.0,0.0,0.0,0.0,0.0,1.0,0.0,0.0,71.0,255.0,1.0,0.0,0.01,0.04,0.0,0.0,0.0,0.0,21.0,
16,0.0,tcp,http,SF,213.0,659.0,0.0,0.0,0.0,0.0,0.0,1.0,0.0,0.0,0.0,0.0,0.0,0.0,0.0,0.0,0.0,0.0,24.0,24.0,0.0,0.0,0.0,0.0,1.0,0.0,0.0,255.0,255.0,1.0,0.0,0.0,0.0,0.0,0.0,0.0,0.0,21.0,
17,0.0,tcp,http,SF,246.0,2090.0,0.0,0.0,0.0,0.0,0.0,1.0,0.0,0.0,0.0,0.0,0.0,0.0,0.0,0.0,0.0,0.0,16.0,16.0,0.0,0.0,0.0,0.0,1.0,0.0,0.0,35.0,255.0,1.0,0.0,0.03,0.05,0.0,0.0,0.0,0.0,21.0,
18,0.0,udp,private,SF,45.0,44.0,0.0,0.0,0.0,0.0,0.0,0.0,0.0,0.0,0.0,0.0,0.0,0.0,0.0,0.0,0.0,0.0,505.0,505.0,0.0,0.0,0.0,0.0,1.0,0.0,0.0,255.0,255.0,1.0,0.0,1.0,0.0,0.0,0.0,0.0,0.0,15.0,
19,0.0,tcp,private,REJ,0.0,0.0,0.0,0.0,0.0,0.0,0.0,0.0,0.0,0.0,0.0,0.0,0.0,0.0,0.0,0.0,0.0,0.0,204.0,18.0,0.0,0.0,1.0,1.0,0.09,0.07,0.0,255.0,18.0,0.07,0.07,0.0,0.0,0.0,0.0,1.0,1.0,21.0,
20,0.0,tcp,ldap,REJ,0.0,0.0,0.0,0.0,0.0,0.0,0.0,0.0,0.0,0.0,0.0,0.0,0.0,0.0,0.0,0.0,0.0,0.0,118.0,19.0,0.0,0.0,1.0,1.0,0.16,0.05,0.0,255.0,19.0,0.07,0.05,0.0,0.0,0.0,0.0,1.0,1.0,21.0,
21,0.0,tcp,pop_3,S0,0.0,0.0,0.0,0.0,0.0,0.0,0.0,0.0,0.0,0.0,0.0,0.0,0.0,0.0,0.0,0.0,0.0,0.0,1.0,1.0,1.0,1.0,0.0,0.0,1.0,0.0,0.0,255.0,87.0,0.34,0.01,0.01,0.0,1.0,1.0,0.0,0.0,18.0,
22,0.0,tcp,http,SF,196.0,1823.0,0.0,0.0,0.0,0.0,0.0,1.0,0.0,0.0,0.0,0.0,0.0,0.0,0.0,0.0,0.0,0.0,17.0,17.0,0.0,0.0,0.0,0.0,1.0,0.0,0.0,255.0,255.0,1.0,0.0,0.0,0.0,0.0,0.0,0.0,0.0,21.0,
23,0.0,tcp,http,SF,277.0,1816.0,0.0,0.0,0.0,0.0,0.0,1.0,0.0,0.0,0.0,0.0,0.0,0.0,0.0,0.0,0.0,0.0,17.0,18.0,0.0,0.0,0.0,0.0,1.0,0.0,0.11,36.0,255.0,1.0,0.0,0.03,0.02,0.0,0.0,0.0,0.0,21.0,
24,0.0,tcp,courier,REJ,0.0,0.0,0.0,0.0,0.0,0.0,0.0,0.0,0.0,0.0,0.0,0.0,0.0,0.0,0.0,0.0,0.0,0.0,116.0,8.0,0.0,0.0,1.0,1.0,0.07,0.07,0.0,255.0,8.0,0.03,0.06,0.0,0.0,0.0,0.0,1.0,1.0,18.0,
25,0.0,tcp,discard,RSTO,0.0,0.0,0.0,0.0,0.0,0.0,0.0,0.0,0.0,0.0,0.0,0.0,0.0,0.0,0.0,0.0,0.0,0.0,273.0,13.0,0.0,0.0,1.0,1.0,0.05,0.06,0.0,255.0,13.0,0.05,0.06,0.0,0.0,0.0,0.0,1.0,1.0,20.0,
26,0.0,tcp,http,SF,294.0,6442.0,0.0,0.0,0.0,0.0,0.0,1.0,0.0,0.0,0.0,0.0,0.0,0.0,0.0,0.0,0.0,0.0,22.0,46.0,0.0,0.0,0.0,0.0,1.0,0.0,0.11,180.0,255.0,1.0,0.0,0.01,0.01,0.0,0.0,0.0,0.0,21.0,
27,0.0,tcp,http,SF,300.0,440.0,0.0,0.0,0.0,0.0,0.0,1.0,0.0,0.0,0.0,0.0,0.0,0.0,0.0,0.0,0.0,0.0,7.0,7.0,0.0,0.0,0.0,0.0,1.0,0.0,0.0,255.0,255.0,1.0,0.0,0.0,0.0,0.0,0.0,0.0,0.0,21.0,
28,0.0,icmp,ecr_i,SF,520.0,0.0,0.0,0.0,0.0,0.0,0.0,0.0,0.0,0.0,0.0,0.0,0.0,0.0,0.0,0.0,0.0,0.0,511.0,511.0,0.0,0.0,0.0,0.0,1.0,0.0,0.0,46.0,59.0,1.0,0.0,1.0,0.14,0.0,0.0,0.0,0.0,18.0,
29,0.0,udp,private,SF,54.0,51.0,0.0,0.0,0.0,0.0,0.0,0.0,0.0,0.0,0.0,0.0,0.0,0.0,0.0,0.0,0.0,0.0,511.0,511.0,0.0,0.0,0.0,0.0,1.0,0.0,0.0,255.0,255.0,1.0,0.0,0.83,0.0,0.0,0.0,0.0,0.0,17.0,
30,805.0,tcp,http,RSTR,76944.0,1.0,0.0,0.0,0.0,0.0,0.0,1.0,0.0,0.0,0.0,0.0,0.0,0.0,0.0,0.0,0.0,0.0,12.0,12.0,0.0,0.0,1.0,1.0,1.0,0.0,0.0,241.0,238.0,0.99,0.01,0.0,0.0,0.0,0.0,0.07,0.07,14.0,
31,0.0,tcp,smtp,SF,720.0,281.0,0.0,0.0,0.0,0.0,0.0,1.0,0.0,0.0,0.0,0.0,0.0,0.0,0.0,0.0,0.0,0.0,1.0,2.0,0.0,0.0,0.0,0.0,1.0,0.0,1.0,158.0,82.0,0.52,0.06,0.01,0.0,0.01,0.0,0.0,0.0,21.0,
32,0.0,tcp,http,SF,301.0,19794.0,0.0,0.0,0.0,0.0,0.0,1.0,0.0,0.0,0.0,0.0,0.0,0.0,0.0,0.0,0.0,0.0,15.0,15.0,0.0,0.0,0.0,0.0,1.0,0.0,0.0,20.0,255.0,1.0,0.0,0.05,0.02,0.05,0.0,0.0,0.0,21.0,
33,0.0,udp,private,SF,1.0,1.0,0.0,0.0,0.0,0.0,0.0,0.0,0.0,0.0,0.0,0.0,0.0,0.0,0.0,0.0,0.0,0.0,40.0,3.0,0.0,0.0,0.0,0.0,0.08,0.38,0.0,255.0,3.0,0.01,0.58,0.99,0.0,0.0,0.0,0.01,0.0,1.0,
34,0.0,tcp,private,REJ,0.0,0.0,0.0,0.0,0.0,0.0,0.0,0.0,0.0,0.0,0.0,0.0,0.0,0.0,0.0,0.0,0.0,0.0,483.0,1.0,0.05,0.0,0.92,1.0,0.0,1.0,0.0,255.0,1.0,0.0,1.0,0.0,0.0,0.0,0.0,0.96,1.0,19.0,
35,0.0,tcp,imap4,RSTO,0.0,44.0,0.0,0.0,0.0,0.0,0.0,0.0,0.0,0.0,0.0,0.0,0.0,0.0,0.0,0.0,0.0,0.0,2.0,2.0,0.0,0.0,1.0,1.0,0.5,1.0,1.0,185.0,59.0,0.24,0.03,0.01,0.03,0.01,0.0,0.89,0.95,14.0,
36,0.0,tcp,http,SF,209.0,12894.0,0.0,0.0,0.0,0.0,0.0,1.0,0.0,0.0,0.0,0.0,0.0,0.0,0.0,0.0,0.0,0.0,11.0,11.0,0.0,0.0,0.0,0.0,1.0,0.0,0.0,255.0,255.0,1.0,0.0,0.0,0.0,0.0,0.0,0.0,0.0,21.0,
37,8.0,tcp,ftp,SF,220.0,688.0,0.0,0.0,0.0,4.0,0.0,1.0,0.0,0.0,0.0,0.0,4.0,0.0,0.0,0.0,0.0,0.0,1.0,1.0,0.0,0.0,0.0,0.0,1.0,0.0,0.0,53.0,27.0,0.51,0.08,0.02,0.0,0.0,0.0,0.0,0.0,1.0,
38,0.0,udp,domain_u,SF,43.0,71.0,0.0,0.0,0.0,0.0,0.0,0.0,0.0,0.0,0.0,0.0,0.0,0.0,0.0,0.0,0.0,0.0,113.0,113.0,0.0,0.0,0.0,0.0,1.0,0.0,0.0,255.0,254.0,1.0,0.01,0.0,0.0,0.0,0.0,0.0,0.0,20.0,
39,0.0,tcp,ftp_data,SF,88382.0,0.0,0.0,0.0,0.0,0.0,0.0,0.0,0.0,0.0,0.0,0.0,0.0,0.0,0.0,0.0,0.0,0.0,15.0,15.0,0.0,0.0,0.0,0.0,1.0,0.0,0.0,203.0,114.0,0.38,0.01,0.38,0.02,0.0,0.0,0.0,0.0,21.0,
40,0.0,tcp,private,S0,0.0,0.0,0.0,0.0,0.0,0.0,0.0,0.0,0.0,0.0,0.0,0.0,0.0,0.0,0.0,0.0,0.0,0.0,144.0,8.0,1.0,1.0,0.0,0.0,0.06,0.06,0.0,255.0,8.0,0.03,0.06,0.0,0.0,1.0,1.0,0.0,0.0,21.0,
41,0.0,tcp,http,SF,277.0,4968.0,0.0,0.0,0.0,0.0,0.0,1.0,0.0,0.0,0.0,0.0,0.0,0.0,0.0,0.0,0.0,0.0,13.0,13.0,0.0,0.0,0.0,0.0,1.0,0.0,0.0,13.0,255.0,1.0,0.0,0.08,0.01,0.0,0.0,0.0,0.0,21.0,
42,0.0,tcp,http,SF,321.0,2715.0,0.0,0.0,0.0,0.0,0.0,1.0,0.0,0.0,0.0,0.0,0.0,0.0,0.0,0.0,0.0,0.0,29.0,37.0,0.03,0.05,0.0,0.0,1.0,0.0,0.08,29.0,255.0,1.0,0.0,0.03,0.04,0.03,0.0,0.0,0.0,21.0,
43,0.0,tcp,http,SF,335.0,3228.0,0.0,0.0,0.0,0.0,0.0,1.0,0.0,0.0,0.0,0.0,0.0,0.0,0.0,0.0,0.0,0.0,49.0,50.0,0.0,0.0,0.0,0.0,1.0,0.0,0.04,255.0,255.0,1.0,0.0,0.0,0.0,0.0,0.0,0.0,0.0,21.0,
44,0.0,tcp,mtp,REJ,0.0,0.0,0.0,0.0,0.0,0.0,0.0,0.0,0.0,0.0,0.0,0.0,0.0,0.0,0.0,0.0,0.0,0.0,266.0,8.0,0.0,0.0,1.0,1.0,0.03,0.06,0.0,255.0,8.0,0.03,0.06,0.0,0.0,0.0,0.0,1.0,1.0,20.0,
45,0.0,tcp,http,SF,234.0,3236.0,0.0,0.0,0.0,0.0,0.0,1.0,0.0,0.0,0.0,0.0,0.0,0.0,0.0,0.0,0.0,0.0,8.0,21.0,0.0,0.0,0.0,0.0,1.0,0.0,0.1,255.0,255.0,1.0,0.0,0.0,0.0,0.0,0.0,0.0,0.0,21.0,
46,0.0,tcp,systat,S0,0.0,0.0,0.0,0.0,0.0,0.0,0.0,0.0,0.0,0.0,0.0,0.0,0.0,0.0,0.0,0.0,0.0,0.0,281.0,6.0,1.0,1.0,0.0,0.0,0.02,0.06,0.0,255.0,6.0,0.02,0.07,0.0,0.0,1.0,1.0,0.0,0.0,19.0,
47,0.0,tcp,http,SF,54540.0,8314.0,0.0,0.0,0.0,2.0,0.0,1.0,1.0,0.0,0.0,0.0,0.0,0.0,0.0,0.0,0.0,0.0,4.0,24.0,0.0,0.0,0.0,0.0,1.0,0.0,0.08,255.0,250.0,0.98,0.01,0.0,0.0,0.0,0.0,0.06,0.06,12.0,
48,0.0,tcp,telnet,S0,0.0,0.0,0.0,0.0,0.0,0.0,0.0,0.0,0.0,0.0,0.0,0.0,0.0,0.0,0.0,0.0,0.0,0.0,1.0,12.0,1.0,0.33,0.0,0.67,1.0,0.0,0.92,91.0,86.0,0.34,0.03,0.01,0.03,1.0,1.0,0.0,0.0,18.0,
49,0.0,udp,private,SF,46.0,45.0,0.0,0.0,0.0,0.0,0.0,0.0,0.0,0.0,0.0,0.0,0.0,0.0,0.0,0.0,0.0,0.0,68.0,68.0,0.0,0.0,0.0,0.0,1.0,0.0,0.0,255.0,255.0,1.0,0.0,0.26,0.0,0.0,0.0,0.0,0.0,14.0,
50,0.0,tcp,http,SF,318.0,488.0,0.0,0.0,0.0,0.0,0.0,1.0,0.0,0.0,0.0,0.0,0.0,0.0,0.0,0.0,0.0,0.0,3.0,16.0,0.0,0.0,0.0,0.0,1.0,0.0,0.12,3.0,156.0,1.0,0.0,0.33,0.04,0.0,0.01,0.0,0.0,21.0,
51,0.0,tcp,http,SF,256.0,4926.0,0.0,0.0,0.0,0.0,0.0,1.0,0.0,0.0,0.0,0.0,0.0,0.0,0.0,0.0,0.0,0.0,1.0,41.0,0.0,0.0,0.0,0.0,1.0,0.0,0.07,255.0,241.0,0.95,0.02,0.0,0.0,0.0,0.0,0.0,0.0,21.0,
52,0.0,tcp,iso_tsap,REJ,0.0,0.0,0.0,0.0,0.0,0.0,0.0,0.0,0.0,0.0,0.0,0.0,0.0,0.0,0.0,0.0,0.0,0.0,239.0,7.0,0.0,0.0,1.0,1.0,0.03,0.06,0.0,255.0,7.0,0.03,0.07,0.0,0.0,0.0,0.0,1.0,1.0,20.0,
53,0.0,tcp,private,REJ,0.0,0.0,0.0,0.0,0.0,0.0,0.0,0.0,0.0,0.0,0.0,0.0,0.0,0.0,0.0,0.0,0.0,0.0,201.0,3.0,0.0,0.0,1.0,1.0,0.01,0.08,0.0,255.0,3.0,0.01,0.08,0.0,0.0,0.0,0.0,1.0,1.0,21.0,
54,282.0,tcp,ftp,SF,160.0,599.0,0.0,0.0,0.0,2.0,0.0,1.0,0.0,0.0,0.0,0.0,0.0,0.0,0.0,0.0,0.0,1.0,1.0,1.0,0.0,0.0,0.0,0.0,1.0,0.0,0.0,255.0,37.0,0.15,0.02,0.0,0.0,0.0,0.0,0.44,0.0,13.0,
55,0.0,tcp,http,SF,229.0,509.0,0.0,0.0,0.0,0.0,0.0,1.0,0.0,0.0,0.0,0.0,0.0,0.0,0.0,0.0,0.0,0.0,1.0,1.0,0.0,0.0,0.0,0.0,1.0,0.0,0.0,21.0,255.0,1.0,0.0,0.05,0.04,0.0,0.0,0.0,0.0,21.0,
56,0.0,tcp,imap4,REJ,0.0,0.0,0.0,0.0,0.0,0.0,0.0,0.0,0.0,0.0,0.0,0.0,0.0,0.0,0.0,0.0,0.0,0.0,280.0,8.0,0.0,0.0,1.0,1.0,0.03,0.06,0.0,255.0,8.0,0.03,0.06,0.0,0.0,0.0,0.0,1.0,1.0,18.0,
57,0.0,udp,private,SF,105.0,146.0,0.0,0.0,0.0,0.0,0.0,0.0,0.0,0.0,0.0,0.0,0.0,0.0,0.0,0.0,0.0,0.0,2.0,2.0,0.0,0.0,0.0,0.0,1.0,0.0,0.0,9.0,9.0,1.0,0.0,0.11,0.0,0.0,0.0,0.0,0.0,3.0,
58,7428.0,tcp,telnet,SF,0.0,44.0,0.0,0.0,0.0,0.0,0.0,0.0,0.0,0.0,0.0,0.0,0.0,0.0,0.0,0.0,0.0,0.0,1.0,1.0,0.0,0.0,0.0,0.0,1.0,0.0,0.0,255.0,217.0,0.85,0.03,0.0,0.0,0.33,0.39,0.12,0.06,18.0,
59,0.0,tcp,http,SF,282.0,396.0,0.0,0.0,0.0,0.0,0.0,1.0,0.0,0.0,0.0,0.0,0.0,0.0,0.0,0.0,0.0,0.0,8.0,8.0,0.0,0.0,0.0,0.0,1.0,0.0,0.0,255.0,255.0,1.0,0.0,0.0,0.0,0.0,0.0,0.0,0.0,21.0,
60,4.0,tcp,pop_3,SF,28.0,93.0,0.0,0.0,0.0,0.0,0.0,1.0,0.0,0.0,0.0,0.0,0.0,0.0,0.0,0.0,0.0,0.0,1.0,1.0,0.0,0.0,0.0,0.0,1.0,0.0,0.0,255.0,249.0,0.98,0.02,0.0,0.0,0.0,0.0,0.0,0.0,18.0,
61,280.0,tcp,ftp_data,SF,283618.0,0.0,0.0,0.0,0.0,0.0,0.0,0.0,0.0,0.0,0.0,0.0,0.0,0.0,0.0,0.0,0.0,0.0,2.0,2.0,0.0,0.0,0.0,0.0,1.0,0.0,0.0,7.0,10.0,0.86,0.29,0.86,0.2,0.0,0.0,0.0,0.0,9.0,
62,0.0,tcp,http,SF,233.0,2239.0,0.0,0.0,0.0,0.0,0.0,1.0,0.0,0.0,0.0,0.0,0.0,0.0,0.0,0.0,0.0,0.0,3.0,3.0,0.0,0.0,0.0,0.0,1.0,0.0,0.0,255.0,197.0,0.77,0.02,0.0,0.0,0.0,0.0,0.0,0.0,21.0,
63,0.0,tcp,http,SF,257.0,8712.0,0.0,0.0,0.0,0.0,0.0,1.0,0.0,0.0,0.0,0.0,0.0,0.0,0.0,0.0,0.0,0.0,2.0,20.0,0.0,0.0,0.0,0.0,1.0,0.0,0.2,255.0,255.0,1.0,0.0,0.0,0.0,0.0,0.0,0.0,0.0,21.0,
64,0.0,tcp,other,REJ,0.0,0.0,0.0,0.0,0.0,0.0,0.0,0.0,0.0,0.0,0.0,0.0,0.0,0.0,0.0,0.0,0.0,0.0,412.0,1.0,0.15,0.0,0.83,1.0,0.0,1.0,0.0,255.0,1.0,0.0,0.96,0.0,0.0,0.1,0.0,0.89,1.0,17.0,
65,0.0,tcp,http,SF,214.0,645.0,0.0,0.0,0.0,0.0,0.0,1.0,0.0,0.0,0.0,0.0,0.0,0.0,0.0,0.0,0.0,0.0,30.0,30.0,0.0,0.0,0.0,0.0,1.0,0.0,0.0,255.0,255.0,1.0,0.0,0.0,0.0,0.0,0.0,0.0,0.0,21.0,
66,0.0,tcp,telnet,REJ,0.0,0.0,0.0,0.0,0.0,0.0,0.0,0.0,0.0,0.0,0.0,0.0,0.0,0.0,0.0,0.0,0.0,0.0,4.0,6.0,0.0,0.0,1.0,1.0,0.25,1.0,0.83,106.0,85.0,0.29,0.05,0.01,0.02,0.02,0.0,0.91,0.67,15.0,
67,0.0,tcp,private,REJ,0.0,0.0,0.0,0.0,0.0,0.0,0.0,0.0,0.0,0.0,0.0,0.0,0.0,0.0,0.0,0.0,0.0,0.0,109.0,13.0,0.0,0.0,1.0,1.0,0.12,0.06,0.0,255.0,13.0,0.05,0.07,0.0,0.0,0.0,0.0,1.0,1.0,21.0,
68,0.0,tcp,smtp,S0,0.0,0.0,0.0,0.0,0.0,0.0,0.0,0.0,0.0,0.0,0.0,0.0,0.0,0.0,0.0,0.0,0.0,0.0,114.0,1.0,1.0,1.0,0.0,0.0,0.01,0.06,0.0,255.0,1.0,0.0,0.05,0.0,0.0,1.0,1.0,0.0,0.0,20.0,
69,0.0,tcp,http,SF,203.0,651.0,0.0,0.0,0.0,0.0,0.0,1.0,0.0,0.0,0.0,0.0,0.0,0.0,0.0,0.0,0.0,0.0,19.0,19.0,0.0,0.0,0.0,0.0,1.0,0.0,0.0,255.0,255.0,1.0,0.0,0.0,0.0,0.0,0.0,0.0,0.0,21.0,
70,0.0,tcp,private,REJ,0.0,0.0,0.0,0.0,0.0,0.0,0.0,0.0,0.0,0.0,0.0,0.0,0.0,0.0,0.0,0.0,0.0,0.0,216.0,14.0,0.0,0.0,1.0,1.0,0.06,0.06,0.0,255.0,14.0,0.05,0.07,0.0,0.0,0.0,0.0,1.0,1.0,21.0,
71,0.0,tcp,smtp,SF,0.0,83.0,0.0,0.0,0.0,0.0,0.0,1.0,0.0,0.0,0.0,0.0,0.0,0.0,0.0,0.0,0.0,0.0,1.0,2.0,0.0,0.0,0.0,0.0,1.0,0.0,1.0,61.0,146.0,0.8,0.07,0.02,0.01,0.0,0.0,0.0,0.01,21.0,
72,0.0,tcp,http,SF,307.0,484.0,0.0,0.0,0.0,0.0,0.0,1.0,0.0,0.0,0.0,0.0,0.0,0.0,0.0,0.0,0.0,0.0,2.0,2.0,0.0,0.0,0.0,0.0,1.0,0.0,0.0,10.0,255.0,1.0,0.0,0.1,0.05,0.0,0.0,0.0,0.0,21.0,
73,0.0,tcp,http,SF,320.0,1667.0,0.0,0.0,0.0,0.0,0.0,1.0,0.0,0.0,0.0,0.0,0.0,0.0,0.0,0.0,0.0,0.0,8.0,30.0,0.0,0.0,0.0,0.0,1.0,0.0,0.17,85.0,253.0,1.0,0.0,0.01,0.04,0.0,0.0,0.0,0.0,21.0,
74,0.0,tcp,csnet_ns,REJ,0.0,0.0,0.0,0.0,0.0,0.0,0.0,0.0,0.0,0.0,0.0,0.0,0.0,0.0,0.0,0.0,0.0,0.0,251.0,3.0,0.0,0.0,1.0,1.0,0.01,0.06,0.0,255.0,3.0,0.01,0.06,0.0,0.0,0.0,0.0,1.0,1.0,19.0,
75,0.0,tcp,http,SF,215.0,430.0,0.0,0.0,0.0,0.0,0.0,1.0,0.0,0.0,0.0,0.0,0.0,0.0,0.0,0.0,0.0,0.0,1.0,1.0,0.0,0.0,0.0,0.0,1.0,0.0,0.0,40.0,255.0,1.0,0.0,0.03,0.04,0.0,0.0,0.0,0.0,21.0,
76,0.0,tcp,http,SF,358.0,3691.0,0.0,0.0,0.0,0.0,0.0,1.0,0.0,0.0,0.0,0.0,0.0,0.0,0.0,0.0,0.0,0.0,11.0,11.0,0.0,0.0,0.0,0.0,1.0,0.0,0.0,81.0,255.0,1.0,0.0,0.01,0.03,0.0,0.0,0.0,0.0,21.0,
77,8092.0,tcp,telnet,SF,0.0,15.0,0.0,0.0,0.0,0.0,0.0,0.0,0.0,0.0,0.0,0.0,0.0,0.0,0.0,0.0,0.0,0.0,1.0,1.0,0.0,0.0,0.0,0.0,1.0,0.0,0.0,255.0,67.0,0.26,0.03,0.0,0.0,0.0,0.01,0.11,0.19,8.0,
78,0.0,tcp,http,SF,270.0,1332.0,0.0,0.0,0.0,0.0,0.0,1.0,0.0,0.0,0.0,0.0,0.0,0.0,0.0,0.0,0.0,0.0,2.0,2.0,0.0,0.0,0.0,0.0,1.0,0.0,0.0,7.0,255.0,1.0,0.0,0.14,0.04,0.0,0.0,0.0,0.0,21.0,
79,0.0,tcp,http,SF,337.0,283.0,0.0,0.0,0.0,0.0,0.0,1.0,0.0,0.0,0.0,0.0,0.0,0.0,0.0,0.0,0.0,0.0,24.0,29.0,0.0,0.0,0.0,0.0,1.0,0.0,0.1,255.0,255.0,1.0,0.0,0.0,0.0,0.0,0.0,0.0,0.0,21.0,
80,0.0,tcp,private,REJ,0.0,0.0,0.0,0.0,0.0,0.0,0.0,0.0,0.0,0.0,0.0,0.0,0.0,0.0,0.0,0.0,0.0,0.0,267.0,19.0,0.01,0.0,0.99,1.0,0.07,0.06,0.0,255.0,19.0,0.07,0.06,0.0,0.0,0.01,0.0,0.99,1.0,21.0,
81,0.0,tcp,private,REJ,0.0,0.0,0.0,0.0,0.0,0.0,0.0,0.0,0.0,0.0,0.0,0.0,0.0,0.0,0.0,0.0,0.0,0.0,231.0,6.0,0.0,0.0,1.0,1.0,0.03,0.07,0.0,255.0,6.0,0.02,0.07,0.0,0.0,0.0,0.0,1.0,1.0,21.0,
82,0.0,icmp,ecr_i,SF,1480.0,0.0,0.0,1.0,0.0,0.0,0.0,0.0,0.0,0.0,0.0,0.0,0.0,0.0,0.0,0.0,0.0,0.0,1.0,1.0,0.0,0.0,0.0,0.0,1.0,0.0,0.0,1.0,25.0,1.0,0.0,1.0,0.52,0.0,0.0,0.0,0.0,17.0,
83,0.0,tcp,http,SF,219.0,1310.0,0.0,0.0,0.0,0.0,0.0,1.0,0.0,0.0,0.0,0.0,0.0,0.0,0.0,0.0,0.0,0.0,4.0,4.0,0.0,0.0,0.0,0.0,1.0,0.0,0.0,4.0,251.0,1.0,0.0,0.25,0.08,0.0,0.0,0.0,0.0,21.0,
84,0.0,tcp,http,SF,258.0,1012.0,0.0,0.0,0.0,0.0,0.0,1.0,0.0,0.0,0.0,0.0,0.0,0.0,0.0,0.0,0.0,0.0,26.0,26.0,0.0,0.0,0.0,0.0,1.0,0.0,0.0,255.0,255.0,1.0,0.0,0.0,0.0,0.0,0.0,0.0,0.0,21.0,
85,0.0,tcp,http,SF,324.0,1093.0,0.0,0.0,0.0,0.0,0.0,1.0,0.0,0.0,0.0,0.0,0.0,0.0,0.0,0.0,0.0,0.0,5.0,8.0,0.0,0.0,0.0,0.0,1.0,0.0,0.38,69.0,255.0,1.0,0.0,0.01,0.01,0.0,0.0,0.0,0.0,21.0,
86,0.0,tcp,finger,RSTO,0.0,0.0,0.0,0.0,0.0,0.0,0.0,0.0,0.0,0.0,0.0,0.0,0.0,0.0,0.0,0.0,0.0,0.0,58.0,19.0,0.0,0.0,1.0,1.0,0.33,0.07,0.0,255.0,62.0,0.24,0.11,0.0,0.0,0.0,0.0,1.0,1.0,19.0,
87,0.0,tcp,pop_3,RSTO,0.0,36.0,0.0,0.0,0.0,0.0,0.0,1.0,0.0,0.0,0.0,0.0,0.0,0.0,0.0,0.0,0.0,0.0,3.0,7.0,0.0,0.0,1.0,1.0,0.33,1.0,1.0,189.0,60.0,0.24,0.03,0.01,0.03,0.0,0.0,0.88,0.98,15.0,
88,0.0,tcp,http,SF,236.0,10503.0,0.0,0.0,0.0,0.0,0.0,1.0,0.0,0.0,0.0,0.0,0.0,0.0,0.0,0.0,0.0,0.0,3.0,3.0,0.0,0.0,0.0,0.0,1.0,0.0,0.0,255.0,255.0,1.0,0.0,0.0,0.0,0.0,0.0,0.0,0.0,21.0,
89,0.0,tcp,ftp_data,SF,1699.0,0.0,0.0,0.0,0.0,0.0,0.0,0.0,0.0,0.0,0.0,0.0,0.0,0.0,0.0,0.0,0.0,0.0,1.0,1.0,0.0,0.0,0.0,0.0,1.0,0.0,0.0,36.0,7.0,0.19,0.11,0.19,0.0,0.0,0.0,0.0,0.0,20.0,
90,0.0,tcp,http,SF,327.0,910.0,0.0,0.0,0.0,0.0,0.0,1.0,0.0,0.0,0.0,0.0,0.0,0.0,0.0,0.0,0.0,0.0,14.0,15.0,0.0,0.0,0.0,0.0,1.0,0.0,0.13,14.0,255.0,1.0,0.0,0.07,0.03,0.0,0.0,0.0,0.0,21.0,
91,0.0,tcp,http,SF,303.0,2789.0,0.0,0.0,0.0,0.0,0.0,1.0,0.0,0.0,0.0,0.0,0.0,0.0,0.0,0.0,0.0,0.0,8.0,8.0,0.0,0.0,0.0,0.0,1.0,0.0,0.0,255.0,255.0,1.0,0.0,0.0,0.0,0.0,0.0,0.0,0.0,21.0,
92,0.0,tcp,private,REJ,0.0,0.0,0.0,0.0,0.0,0.0,0.0,0.0,0.0,0.0,0.0,0.0,0.0,0.0,0.0,0.0,0.0,0.0,103.0,4.0,0.0,0.0,1.0,1.0,0.04,0.06,0.0,255.0,4.0,0.02,0.06,0.0,0.0,0.0,0.0,1.0,1.0,21.0,
93,0.0,tcp,other,REJ,0.0,0.0,0.0,0.0,0.0,0.0,0.0,0.0,0.0,0.0,0.0,0.0,0.0,0.0,0.0,0.0,0.0,0.0,1.0,1.0,0.0,0.0,1.0,1.0,1.0,0.0,0.0,255.0,13.0,0.05,0.02,0.0,0.0,0.0,0.0,0.06,1.0,17.0,
94,3.0,tcp,pop_3,SF,28.0,93.0,0.0,0.0,0.0,0.0,0.0,1.0,0.0,0.0,0.0,0.0,0.0,0.0,0.0,0.0,0.0,0.0,1.0,1.0,0.0,0.0,0.0,0.0,1.0,0.0,0.0,255.0,254.0,1.0,0.01,0.0,0.0,0.0,0.0,0.0,0.0,17.0,
95,0.0,tcp,smtp,SF,0.0,83.0,0.0,0.0,0.0,0.0,0.0,1.0,0.0,0.0,0.0,0.0,0.0,0.0,0.0,0.0,0.0,0.0,1.0,1.0,0.0,0.0,0.0,0.0,1.0,0.0,0.0,110.0,25.0,0.23,0.13,0.01,0.0,0.0,0.0,0.0,0.0,21.0,
96,0.0,tcp,http,SF,282.0,4532.0,0.0,0.0,0.0,0.0,0.0,1.0,0.0,0.0,0.0,0.0,0.0,0.0,0.0,0.0,0.0,0.0,6.0,6.0,0.0,0.0,0.0,0.0,1.0,0.0,0.0,96.0,255.0,1.0,0.0,0.01,0.02,0.0,0.0,0.0,0.0,21.0,
97,0.0,udp,domain_u,SF,44.0,113.0,0.0,0.0,0.0,0.0,0.0,0.0,0.0,0.0,0.0,0.0,0.0,0.0,0.0,0.0,0.0,0.0,3.0,5.0,0.0,0.0,0.0,0.0,1.0,0.0,0.4,255.0,253.0,0.99,0.01,0.0,0.0,0.0,0.0,0.0,0.0,21.0,
98,0.0,tcp,private,SH,0.0,0.0,0.0,0.0,0.0,0.0,0.0,0.0,0.0,0.0,0.0,0.0,0.0,0.0,0.0,0.0,0.0,0.0,1.0,1.0,1.0,1.0,0.0,0.0,1.0,0.0,0.0,30.0,1.0,0.03,1.0,1.0,0.0,1.0,1.0,0.0,0.0,18.0,
99,0.0,tcp,uucp,RSTO,0.0,0.0,0.0,0.0,0.0,0.0,0.0,0.0,0.0,0.0,0.0,0.0,0.0,0.0,0.0,0.0,0.0,0.0,119.0,7.0,0.0,0.0,1.0,1.0,0.06,0.07,0.0,255.0,7.0,0.03,0.06,0.0,0.0,0.0,0.0,1.0,1.0,20.0,
0,,,,,,,,,,,,,,,,,,,,,,,,,,,,,,,,,,,,,,,,,,,dos
1,,,,,,,,,,,,,,,,,,,,,,,,,,,,,,,,,,,,,,,,,,,dos
2,,,,,,,,,,,,,,,,,,,,,,,,,,,,,,,,,,,,,,,,,,,normal
3,,,,,,,,,,,,,,,,,,,,,,,,,,,,,,,,,,,,,,,,,,,probe
4,,,,,,,,,,,,,,,,,,,,,,,,,,,,,,,,,,,,,,,,,,,normal
5,,,,,,,,,,,,,,,,,,,,,,,,,,,,,,,,,,,,,,,,,,,normal
6,,,,,,,,,,,,,,,,,,,,,,,,,,,,,,,,,,,,,,,,,,,normal
7,,,,,,,,,,,,,,,,,,,,,,,,,,,,,,,,,,,,,,,,,,,normal
8,,,,,,,,,,,,,,,,,,,,,,,,,,,,,,,,,,,,,,,,,,,normal
9,,,,,,,,,,,,,,,,,,,,,,,,,,,,,,,,,,,,,,,,,,,normal
10,,,,,,,,,,,,,,,,,,,,,,,,,,,,,,,,,,,,,,,,,,,normal
11,,,,,,,,,,,,,,,,,,,,,,,,,,,,,,,,,,,,,,,,,,,normal
12,,,,,,,,,,,,,,,,,,,,,,,,,,,,,,,,,,,,,,,,,,,dos
13,,,,,,,,,,,,,,,,,,,,,,,,,,,,,,,,,,,,,,,,,,,dos
14,,,,,,,,,,,,,,,,,,,,,,,,,,,,,,,,,,,,,,,,,,,normal
15,,,,,,,,,,,,,,,,,,,,,,,,,,,,,,,,,,,,,,,,,,,normal
16,,,,,,,,,,,,,,,,,,,,,,,,,,,,,,,,,,,,,,,,,,,normal
17,,,,,,,,,,,,,,,,,,,,,,,,,,,,,,,,,,,,,,,,,,,normal
18,,,,,,,,,,,,,,,,,,,,,,,,,,,,,,,,,,,,,,,,,,,normal
19,,,,,,,,,,,,,,,,,,,,,,,,,,,,,,,,,,,,,,,,,,,dos
20,,,,,,,,,,,,,,,,,,,,,,,,,,,,,,,,,,,,,,,,,,,dos
21,,,,,,,,,,,,,,,,,,,,,,,,,,,,,,,,,,,,,,,,,,,dos
22,,,,,,,,,,,,,,,,,,,,,,,,,,,,,,,,,,,,,,,,,,,normal
23,,,,,,,,,,,,,,,,,,,,,,,,,,,,,,,,,,,,,,,,,,,normal
24,,,,,,,,,,,,,,,,,,,,,,,,,,,,,,,,,,,,,,,,,,,dos
25,,,,,,,,,,,,,,,,,,,,,,,,,,,,,,,,,,,,,,,,,,,dos
26,,,,,,,,,,,,,,,,,,,,,,,,,,,,,,,,,,,,,,,,,,,normal
27,,,,,,,,,,,,,,,,,,,,,,,,,,,,,,,,,,,,,,,,,,,normal
28,,,,,,,,,,,,,,,,,,,,,,,,,,,,,,,,,,,,,,,,,,,dos
29,,,,,,,,,,,,,,,,,,,,,,,,,,,,,,,,,,,,,,,,,,,normal
30,,,,,,,,,,,,,,,,,,,,,,,,,,,,,,,,,,,,,,,,,,,dos
31,,,,,,,,,,,,,,,,,,,,,,,,,,,,,,,,,,,,,,,,,,,normal
32,,,,,,,,,,,,,,,,,,,,,,,,,,,,,,,,,,,,,,,,,,,normal
33,,,,,,,,,,,,,,,,,,,,,,,,,,,,,,,,,,,,,,,,,,,probe
34,,,,,,,,,,,,,,,,,,,,,,,,,,,,,,,,,,,,,,,,,,,probe
35,,,,,,,,,,,,,,,,,,,,,,,,,,,,,,,,,,,,,,,,,,,normal
36,,,,,,,,,,,,,,,,,,,,,,,,,,,,,,,,,,,,,,,,,,,normal
37,,,,,,,,,,,,,,,,,,,,,,,,,,,,,,,,,,,,,,,,,,,normal
38,,,,,,,,,,,,,,,,,,,,,,,,,,,,,,,,,,,,,,,,,,,normal
39,,,,,,,,,,,,,,,,,,,,,,,,,,,,,,,,,,,,,,,,,,,normal
40,,,,,,,,,,,,,,,,,,,,,,,,,,,,,,,,,,,,,,,,,,,dos
41,,,,,,,,,,,,,,,,,,,,,,,,,,,,,,,,,,,,,,,,,,,normal
42,,,,,,,,,,,,,,,,,,,,,,,,,,,,,,,,,,,,,,,,,,,normal
43,,,,,,,,,,,,,,,,,,,,,,,,,,,,,,,,,,,,,,,,,,,normal
44,,,,,,,,,,,,,,,,,,,,,,,,,,,,,,,,,,,,,,,,,,,dos
45,,,,,,,,,,,,,,,,,,,,,,,,,,,,,,,,,,,,,,,,,,,normal
46,,,,,,,,,,,,,,,,,,,,,,,,,,,,,,,,,,,,,,,,,,,dos
47,,,,,,,,,,,,,,,,,,,,,,,,,,,,,,,,,,,,,,,,,,,dos
48,,,,,,,,,,,,,,,,,,,,,,,,,,,,,,,,,,,,,,,,,,,dos
49,,,,,,,,,,,,,,,,,,,,,,,,,,,,,,,,,,,,,,,,,,,normal
50,,,,,,,,,,,,,,,,,,,,,,,,,,,,,,,,,,,,,,,,,,,normal
51,,,,,,,,,,,,,,,,,,,,,,,,,,,,,,,,,,,,,,,,,,,normal
52,,,,,,,,,,,,,,,,,,,,,,,,,,,,,,,,,,,,,,,,,,,dos
53,,,,,,,,,,,,,,,,,,,,,,,,,,,,,,,,,,,,,,,,,,,dos
54,,,,,,,,,,,,,,,,,,,,,,,,,,,,,,,,,,,,,,,,,,,normal
55,,,,,,,,,,,,,,,,,,,,,,,,,,,,,,,,,,,,,,,,,,,normal
56,,,,,,,,,,,,,,,,,,,,,,,,,,,,,,,,,,,,,,,,,,,dos
57,,,,,,,,,,,,,,,,,,,,,,,,,,,,,,,,,,,,,,,,,,,normal
58,,,,,,,,,,,,,,,,,,,,,,,,,,,,,,,,,,,,,,,,,,,normal
59,,,,,,,,,,,,,,,,,,,,,,,,,,,,,,,,,,,,,,,,,,,normal
60,,,,,,,,,,,,,,,,,,,,,,,,,,,,,,,,,,,,,,,,,,,normal
61,,,,,,,,,,,,,,,,,,,,,,,,,,,,,,,,,,,,,,,,,,,normal
62,,,,,,,,,,,,,,,,,,,,,,,,,,,,,,,,,,,,,,,,,,,normal
63,,,,,,,,,,,,,,,,,,,,,,,,,,,,,,,,,,,,,,,,,,,normal
64,,,,,,,,,,,,,,,,,,,,,,,,,,,,,,,,,,,,,,,,,,,probe
65,,,,,,,,,,,,,,,,,,,,,,,,,,,,,,,,,,,,,,,,,,,normal
66,,,,,,,,,,,,,,,,,,,,,,,,,,,,,,,,,,,,,,,,,,,normal
67,,,,,,,,,,,,,,,,,,,,,,,,,,,,,,,,,,,,,,,,,,,dos
68,,,,,,,,,,,,,,,,,,,,,,,,,,,,,,,,,,,,,,,,,,,dos
69,,,,,,,,,,,,,,,,,,,,,,,,,,,,,,,,,,,,,,,,,,,normal
70,,,,,,,,,,,,,,,,,,,,,,,,,,,,,,,,,,,,,,,,,,,dos
71,,,,,,,,,,,,,,,,,,,,,,,,,,,,,,,,,,,,,,,,,,,normal
72,,,,,,,,,,,,,,,,,,,,,,,,,,,,,,,,,,,,,,,,,,,normal
73,,,,,,,,,,,,,,,,,,,,,,,,,,,,,,,,,,,,,,,,,,,normal
74,,,,,,,,,,,,,,,,,,,,,,,,,,,,,,,,,,,,,,,,,,,dos
75,,,,,,,,,,,,,,,,,,,,,,,,,,,,,,,,,,,,,,,,,,,normal
76,,,,,,,,,,,,,,,,,,,,,,,,,,,,,,,,,,,,,,,,,,,normal
77,,,,,,,,,,,,,,,,,,,,,,,,,,,,,,,,,,,,,,,,,,,normal
78,,,,,,,,,,,,,,,,,,,,,,,,,,,,,,,,,,,,,,,,,,,normal
79,,,,,,,,,,,,,,,,,,,,,,,,,,,,,,,,,,,,,,,,,,,normal
80,,,,,,,,,,,,,,,,,,,,,,,,,,,,,,,,,,,,,,,,,,,dos
81,,,,,,,,,,,,,,,,,,,,,,,,,,,,,,,,,,,,,,,,,,,dos
82,,,,,,,,,,,,,,,,,,,,,,,,,,,,,,,,,,,,,,,,,,,dos
83,,,,,,,,,,,,,,,,,,,,,,,,,,,,,,,,,,,,,,,,,,,normal
84,,,,,,,,,,,,,,,,,,,,,,,,,,,,,,,,,,,,,,,,,,,normal
85,,,,,,,,,,,,,,,,,,,,,,,,,,,,,,,,,,,,,,,,,,,normal
86,,,,,,,,,,,,,,,,,,,,,,,,,,,,,,,,,,,,,,,,,,,dos
87,,,,,,,,,,,,,,,,,,,,,,,,,,,,,,,,,,,,,,,,,,,normal
88,,,,,,,,,,,,,,,,,,,,,,,,,,,,,,,,,,,,,,,,,,,normal
89,,,,,,,,,,,,,,,,,,,,,,,,,,,,,,,,,,,,,,,,,,,normal
90,,,,,,,,,,,,,,,,,,,,,,,,,,,,,,,,,,,,,,,,,,,normal
91,,,,,,,,,,,,,,,,,,,,,,,,,,,,,,,,,,,,,,,,,,,normal
92,,,,,,,,,,,,,,,,,,,,,,,,,,,,,,,,,,,,,,,,,,,dos
93,,,,,,,,,,,,,,,,,,,,,,,,,,,,,,,,,,,,,,,,,,,normal
94,,,,,,,,,,,,,,,,,,,,,,,,,,,,,,,,,,,,,,,,,,,normal
95,,,,,,,,,,,,,,,,,,,,,,,,,,,,,,,,,,,,,,,,,,,normal
96,,,,,,,,,,,,,,,,,,,,,,,,,,,,,,,,,,,,,,,,,,,normal
97,,,,,,,,,,,,,,,,,,,,,,,,,,,,,,,,,,,,,,,,,,,normal
98,,,,,,,,,,,,,,,,,,,,,,,,,,,,,,,,,,,,,,,,,,,probe
99,,,,,,,,,,,,,,,,,,,,,,,,,,,,,,,,,,,,,,,,,,,dos
